1 22
3 54
4 51
4 78
5 85
6 50
6 90
7 21
7 30
9 74
9 79
10 21
11 73
11 86
12 13
14 31
15 81
17 16
17 27
19 31
19 40
19 54
20 12
20 13
21 18
24 0
24 48
27 35
28 35
28 56
29 69
30 74
31 73
32 29
33 40
34 46
34 72
36 75
36 87
38 10
39 96
40 47
40 74
41 32
42 77
43 69
45 61
46 6
46 68
48 6
48 85
50 64
52 36
52 79
59 64
60 0
61 30
61 50
63 37
64 39
64 93
65 60
66 33
67 23
67 32
67 65
68 79
70 54
70 55
70 69
71 60
72 3
72 28
72 69
73 89
74 60
74 73
76 55
77 58
78 94
81 10
81 36
82 40
84 18
85 13
86 85
87 7
88 5
88 15
89 72
90 21
93 36
93 43
93 59
94 77
95 62
95 89
97 37
97 41
98 2